3.305e+00,9.099e-01,2.055e-01,2.567e-01,4.309e-01,-2.077e-01,-1.787e-01,-8.463e-01,-1.165e-01,-8.007e-01,1.116e-01,-4.766e-01,-1.165e-01,-4.533e-01,-6.027e-01,1.708e+00,-2.077e-01,-2.077e-01,-2.876e-01,-4.766e-01,4.309e-01,4.309e-01,5.677e-01,-2.077e-01,-2.077e-01,-5.726e-01,6.438e-01,-1.123e-02,4.309e-01,-6.867e-01,2.567e-01,6.438e-01,4.309e-01,1.116e-01,2.567e-01,-4.206e-01,-8.007e-01
9.099e-01,3.305e+00,4.309e-01,-3.168e-01,-1.165e-01,-3.674e-01,6.844e-02,-8.007e-01,-4.206e-01,-2.355e-01,-2.876e-01,-3.354e-01,-4.206e-01,-8.312e-02,-1.165e-01,1.252e+00,-4.352e-01,3.494e-01,-3.711e-01,-4.586e-01,-2.489e-01,-1.165e-01,-1.165e-01,-3.797e-01,2.756e-02,-2.077e-01,-1.405e-01,-8.312e-02,-1.123e-02,-2.077e-01,3.842e-01,2.055e-01,4.872e-01,-3.354e-01,2.055e-01,-5.504e-01,-1.039e+00
2.055e-01,4.309e-01,3.305e+00,4.309e-01,-1.165e-01,2.347e+00,2.347e+00,1.116e-01,-6.141e-01,-4.206e-01,-5.270e-01,1.252e+00,4.309e-01,1.666e-01,9.099e-01,-1.165e-01,1.116e-01,9.099e-01,9.099e-01,9.099e-01,1.252e+00,9.099e-01,4.309e-01,-2.077e-01,6.008e-02,-2.245e-01,6.438e-01,1.708e+00,9.099e-01,6.438e-01,1.810e-01,2.567e-01,3.112e-01,1.252e+00,1.708e+00,-4.206e-01,-1.176e+00
2.567e-01,-3.168e-01,4.309e-01,3.305e+00,6.438e-01,-5.270e-01,9.099e-01,-1.006e+00,-2.876e-01,-9.353e-01,-8.007e-01,-4.206e-01,9.099e-01,-2.876e-01,-3.580e-01,1.572e-01,-1.165e-01,-1.165e-01,-9.215e-01,-1.165e-01,6.438e-01,6.438e-01,9.099e-01,-1.165e-01,-1.165e-01,-3.964e-01,9.099e-01,9.099e-01,1.389e+00,1.128e+00,4.309e-01,9.099e-01,1.708e+00,4.309e-01,4.309e-01,-4.206e-01,-1.203e+00
4.309e-01,-1.165e-01,-1.165e-01,6.438e-01,3.305e+00,-7.754e-01,4.309e-01,-1.285e+00,-5.270e-01,-5.270e-01,-4.206e-01,-1.165e-01,-2.077e-01,-9.528e-01,-7.481e-01,4.309e-01,-1.123e-02,-3.580e-01,-1.006e+00,-2.146e-02,9.099e-01,9.099e-01,2.567e-01,-1.123e-02,7.256e-01,-4.766e-01,1.252e+00,2.567e-01,9.099e-01,-5.270e-01,6.438e-01,1.252e+00,9.099e-01,-2.876e-01,1.708e+00,-7.481e-01,-1.402e+00
-2.077e-01,-3.674e-01,2.347e+00,-5.270e-01,-7.754e-01,3.305e+00,-1.165e-01,4.309e-01,-5.270e-01,-7.537e-01,-7.366e-01,2.567e-01,-7.624e-02,4.309e-01,1.252e+00,-5.980e-01,6.105e-01,1.252e+00,4.309e-01,-5.270e-01,1.116e-01,-1.165e-01,-2.876e-01,-5.869e-01,-3.580e-01,-5.458e-01,-5.131e-01,1.116e-01,-4.807e-02,-1.165e-01,-2.621e-01,-4.206e-01,-4.586e-01,-4.766e-01,-1.165e-01,-3.711e-01,-9.895e-01
-1.787e-01,6.844e-02,2.347e+00,9.099e-01,4.309e-01,-1.165e-01,3.305e+00,-6.141e-01,-9.808e-01,-8.767e-01,-7.287e-01,2.567e-01,-6.581e-02,-3.238e-01,2.756e-02,2.567e-01,4.772e-02,1.252e+00,-8.007e-01,1.252e+00,1.708e+00,1.252e+00,6.438e-01,-3.354e-01,4.309e-01,-2.432e-01,9.099e-01,2.347e+00,1.252e+00,9.099e-01,-1.165e-01,4.970e-01,1.116e-01,1.708e+00,2.347e+00,-2.489e-01,-1.267e+00
-8.463e-01,-8.007e-01,1.116e-01,-1.006e+00,-1.285e+00,4.309e-01,-6.141e-01,3.305e+00,-1.485e+00,-1.283e+00,-1.203e+00,-6.867e-01,-4.206e-01,1.116e-01,-1.165e-01,-1.485e+00,-7.481e-01,-2.876e-01,-6.141e-01,-1.050e+00,-1.086e+00,-1.068e+00,-7.481e-01,-9.215e-01,-1.485e+00,-1.086e+00,-8.463e-01,-8.007e-01,-1.029e+00,-1.029e+00,-1.485e+00,-6.141e-01,-1.165e-01,-1.245e+00,-1.485e+00,-1.485e+00,-8.669e-01
-1.165e-01,-4.206e-01,-6.141e-01,-2.876e-01,-5.270e-01,-5.270e-01,-9.808e-01,-1.485e+00,3.305e+00,-9.808e-01,-6.141e-01,-6.141e-01,-6.141e-01,-9.215e-01,-1.143e+00,4.772e-02,-1.102e+00,-1.195e+00,-1.251e+00,-1.365e+00,-1.155e+00,-5.270e-01,-8.463e-01,-8.007e-01,-4.940e-01,-9.937e-01,-1.267e+00,-1.029e+00,-9.808e-01,-9.808e-01,-6.141e-01,-9.528e-01,-1.068e+00,-1.485e+00,-8.007e-01,2.256e-01,-1.485e+00
-8.007e-01,-2.355e-01,-4.206e-01,-9.353e-01,-5.270e-01,-7.537e-01,-8.767e-01,-1.283e+00,-9.808e-01,3.305e+00,3.305e+00,-8.186e-01,-9.808e-01,-1.057e+00,-2.876e-01,-8.463e-01,-9.215e-01,-8.355e-01,-1.143e+00,-3.277e-01,-1.037e+00,-9.215e-01,-6.141e-01,-1.018e+00,-1.038e+00,-1.058e+00,-7.783e-01,-8.583e-01,-5.726e-01,-8.719e-01,-1.029e+00,-9.069e-01,-9.215e-01,-8.377e-01,-7.066e-01,-1.102e+00,-1.425e+00
1.116e-01,-2.876e-01,-5.270e-01,-8.007e-01,-4.206e-01,-7.366e-01,-7.287e-01,-1.203e+00,-6.141e-01,3.305e+00,3.305e+00,-9.215e-01,-6.141e-01,-8.463e-01,-5.270e-01,-1.165e-01,4.309e-01,-8.288e-01,-4.206e-01,-2.245e-01,-5.270e-01,-4.206e-01,2.055e-01,-5.270e-01,-8.863e-01,-9.453e-01,-8.463e-01,-7.481e-01,-4.206e-01,-4.206e-01,-7.481e-01,-6.754e-01,-8.463e-01,-8.243e-01,-7.481e-01,-8.166e-01,-1.485e+00
-4.766e-01,-3.354e-01,1.252e+00,-4.206e-01,-1.165e-01,2.567e-01,2.567e-01,-6.867e-01,-6.141e-01,-8.186e-01,-9.215e-01,3.305e+00,4.587e-01,4.309e-01,1.252e+00,-6.867e-01,-5.270e-01,9.099e-01,9.099e-01,-1.165e-01,4.309e-01,6.438e-01,-2.876e-01,-1.787e-01,4.309e-01,-1.165e-01,2.712e-01,6.438e-01,-1.165e-01,-2.077e-01,-1.165e-01,-1.165e-01,-1.545e-01,-1.123e-02,1.116e-01,-4.206e-01,-1.226e+00
-1.165e-01,-4.206e-01,4.309e-01,9.099e-01,-2.077e-01,-7.624e-02,-6.581e-02,-4.206e-01,-6.141e-01,-9.808e-01,-6.141e-01,4.587e-01,3.305e+00,1.361e-01,1.389e+00,-2.876e-01,9.099e-01,1.708e+00,1.116e-01,1.708e+00,-6.581e-02,3.305e+00,-2.876e-01,-4.807e-02,-4.807e-02,-3.797e-01,-1.123e-02,1.417e-01,-2.077e-01,-2.876e-01,3.112e-01,-1.165e-01,-2.077e-01,1.708e+00,-2.876e-01,-5.726e-01,-1.117e+00
-4.533e-01,-8.312e-02,1.666e-01,-2.876e-01,-9.528e-01,4.309e-01,-3.238e-01,1.116e-01,-9.215e-01,-1.057e+00,-8.463e-01,4.309e-01,1.361e-01,3.305e+00,2.212e+00,-3.902e-01,-8.197e-01,1.128e+00,6.839e-01,-2.355e-01,3.842e-01,3.305e+00,-4.494e-01,9.099e-01,4.309e-01,-6.141e-01,4.309e-01,9.099e-01,-3.354e-01,-3.797e-01,-4.586e-01,-1.123e-02,-3.238e-01,-5.458e-01,-3.238e-01,-2.245e-01,-1.086e+00
-6.027e-01,-1.165e-01,9.099e-01,-3.580e-01,-7.481e-01,1.252e+00,2.756e-02,-1.165e-01,-1.143e+00,-2.876e-01,-5.270e-01,1.252e+00,1.389e+00,2.212e+00,3.305e+00,-4.494e-01,-2.355e-01,1.252e+00,3.318e-01,1.252e+00,1.810e-01,5.975e-01,-1.165e-01,-2.489e-01,-1.637e-01,-4.206e-01,8.541e-02,4.309e-01,2.055e-01,1.116e-01,-2.077e-01,-1.123e-02,4.772e-02,-2.876e-01,-2.077e-01,-5.270e-01,-8.863e-01
1.708e+00,1.252e+00,-1.165e-01,1.572e-01,4.309e-01,-5.980e-01,2.567e-01,-1.485e+00,4.772e-02,-8.463e-01,-1.165e-01,-6.867e-01,-2.876e-01,-3.902e-01,-4.494e-01,3.305e+00,-2.876e-01,-5.504e-01,-8.735e-01,-6.141e-01,-2.077e-01,-2.077e-01,1.116e-01,4.309e-01,4.309e-01,-2.568e-01,-1.165e-01,1.116e-01,-4.807e-02,-1.165e-01,2.756e-02,5.677e-01,2.256e-01,-2.077e-01,2.256e-01,1.810e-01,-9.215e-01
-2.077e-01,-4.352e-01,1.116e-01,-1.165e-01,-1.123e-02,6.105e-01,4.772e-02,-7.481e-01,-1.102e+00,-9.215e-01,4.309e-01,-5.270e-01,9.099e-01,-8.197e-01,-2.355e-01,-2.876e-01,3.305e+00,-2.876e-01,1.116e-01,-2.876e-01,-1.123e-02,-1.123e-02,1.252e+00,1.116e-01,1.116e-01,-1.165e-01,1.116e-01,-2.876e-01,1.116e-01,1.116e-01,5.677e-01,1.116e-01,-1.123e-02,-6.397e-01,-1.165e-01,-8.863e-01,-1.356e+00
-2.077e-01,3.494e-01,9.099e-01,-1.165e-01,-3.580e-01,1.252e+00,1.252e+00,-2.876e-01,-1.195e+00,-8.355e-01,-8.288e-01,9.099e-01,1.708e+00,1.128e+00,1.252e+00,-5.504e-01,-2.876e-01,3.305e+00,7.388e-01,2.107e+00,6.438e-01,6.921e-01,1.116e-01,-1.165e-01,-1.165e-01,-1.165e-01,2.567e-01,9.099e-01,4.309e-01,2.567e-01,-4.437e-01,-2.568e-01,-2.568e-01,6.438e-01,9.099e-01,-4.206e-01,-9.672e-01
-2.876e-01,-3.711e-01,9.099e-01,-9.215e-01,-1.006e+00,4.309e-01,-8.007e-01,-6.141e-01,-1.251e+00,-1.143e+00,-4.206e-01,9.099e-01,1.116e-01,6.839e-01,3.318e-01,-8.735e-01,1.116e-01,7.388e-01,3.305e+00,-2.489e-01,5.677e-01,1.024e+00,1.116e-01,-6.141e-01,4.309e-01,-9.215e-01,3.637e-01,8.514e-01,-8.007e-01,-9.215e-01,-8.735e-01,-4.766e-01,-1.102e+00,-9.079e-01,-1.006e+00,-1.166e+00,-1.245e+00
-4.766e-01,-4.586e-01,9.099e-01,-1.165e-01,-2.146e-02,-5.270e-01,1.252e+00,-1.050e+00,-1.365e+00,-3.277e-01,-2.245e-01,-1.165e-01,1.708e+00,-2.355e-01,1.252e+00,-6.141e-01,-2.876e-01,2.107e+00,-2.489e-01,3.305e+00,1.708e+00,4.309e-01,3.112e-01,-1.165e-01,-1.165e-01,-1.165e-01,2.567e-01,9.099e-01,4.309e-01,2.567e-01,-5.270e-01,-2.876e-01,-4.206e-01,6.438e-01,9.099e-01,-6.520e-01,-1.176e+00
4.309e-01,-2.489e-01,1.252e+00,6.438e-01,9.099e-01,1.116e-01,1.708e+00,-1.086e+00,-1.155e+00,-1.037e+00,-5.270e-01,4.309e-01,-6.581e-02,3.842e-01,1.810e-01,-2.077e-01,-1.123e-02,6.438e-01,5.677e-01,1.708e+00,3.305e+00,1.070e+00,9.099e-01,-1.123e-02,-1.123e-02,-4.766e-01,1.252e+00,1.818e+00,9.099e-01,4.309e-01,6.438e-01,1.252e+00,9.099e-01,9.099e-01,1.252e+00,-6.141e-01,-1.262e+00
4.309e-01,-1.165e-01,9.099e-01,6.438e-01,9.099e-01,-1.165e-01,1.252e+00,-1.068e+00,-5.270e-01,-9.215e-01,-4.206e-01,6.438e-01,3.305e+00,3.305e+00,5.975e-01,-2.077e-01,-1.123e-02,6.921e-01,1.024e+00,4.309e-01,1.070e+00,3.305e+00,2.567e-01,9.099e-01,4.309e-01,-4.766e-01,1.252e+00,1.818e+00,9.099e-01,2.567e-01,6.438e-01,1.252e+00,9.099e-01,6.438e-01,9.099e-01,-3.797e-01,-5.270e-01
5.677e-01,-1.165e-01,4.309e-01,9.099e-01,2.567e-01,-2.876e-01,6.438e-01,-7.481e-01,-8.463e-01,-6.141e-01,2.055e-01,-2.876e-01,-2.876e-01,-4.494e-01,-1.165e-01,1.116e-01,1.252e+00,1.116e-01,1.116e-01,3.112e-01,9.099e-01,2.567e-01,3.305e+00,-2.876e-01,1.116e-01,-2.489e-01,4.309e-01,5.677e-01,3.305e+00,3.305e+00,1.116e-01,4.309e-01,5.677e-01,7.256e-01,4.309e-01,-4.206e-01,-1.211e+00
-2.077e-01,-3.797e-01,-2.077e-01,-1.165e-01,-1.123e-02,-5.869e-01,-3.354e-01,-9.215e-01,-8.007e-01,-1.018e+00,-5.270e-01,-1.787e-01,-4.807e-02,9.099e-01,-2.489e-01,4.309e-01,1.116e-01,-1.165e-01,-6.141e-01,-1.165e-01,-1.123e-02,9.099e-01,-2.876e-01,3.305e+00,1.708e+00,1.128e+00,5.677e-01,9.099e-01,-1.123e-02,-5.075e-01,1.936e+00,4.309e-01,9.099e-01,-4.034e-01,-1.165e-01,-7.754e-01,-1.485e+00
-2.077e-01,2.756e-02,6.008e-02,-1.165e-01,7.256e-01,-3.580e-01,4.309e-01,-1.485e+00,-4.940e-01,-1.038e+00,-8.863e-01,4.309e-01,-4.807e-02,4.309e-01,-1.637e-01,4.309e-01,1.116e-01,-1.165e-01,4.309e-01,-1.165e-01,-1.123e-02,4.309e-01,1.116e-01,1.708e+00,3.305e+00,2.253e+00,1.116e-01,3.112e-01,-1.123e-02,-2.355e-01,1.936e+00,1.296e+00,2.027e+00,-4.766e-01,2.055e-01,-6.639e-01,-1.485e+00
-5.726e-01,-2.077e-01,-2.245e-01,-3.964e-01,-4.766e-01,-5.458e-01,-2.432e-01,-1.086e+00,-9.937e-01,-1.058e+00,-9.453e-01,-1.165e-01,-3.797e-01,-6.141e-01,-4.206e-01,-2.568e-01,-1.165e-01,-1.165e-01,-9.215e-01,-1.165e-01,-4.766e-01,-4.766e-01,-2.489e-01,1.128e+00,2.253e+00,3.305e+00,-3.902e-01,-1.165e-01,-4.206e-01,-5.270e-01,1.128e+00,1.104e+00,1.363e+00,-6.141e-01,-1.905e-01,-5.726e-01,-1.485e+00
6.438e-01,-1.405e-01,6.438e-01,9.099e-01,1.252e+00,-5.131e-01,9.099e-01,-8.463e-01,-1.267e+00,-7.783e-01,-8.463e-01,2.712e-01,-1.123e-02,4.309e-01,8.541e-02,-1.165e-01,1.116e-01,2.567e-01,3.637e-01,2.567e-01,1.252e+00,1.252e+00,4.309e-01,5.677e-01,1.116e-01,-3.902e-01,3.305e+00,1.345e+00,1.252e+00,1.116e-01,9.099e-01,1.708e+00,1.252e+00,4.309e-01,9.099e-01,-6.867e-01,-1.233e+00
-1.123e-02,-8.312e-02,1.708e+00,9.099e-01,2.567e-01,1.116e-01,2.347e+00,-8.007e-01,-1.029e+00,-8.583e-01,-7.481e-01,6.438e-01,1.417e-01,9.099e-01,4.309e-01,1.116e-01,-2.876e-01,9.099e-01,8.514e-01,9.099e-01,1.818e+00,1.818e+00,5.677e-01,9.099e-01,3.112e-01,-1.165e-01,1.345e+00,3.305e+00,1.389e+00,1.128e+00,9.099e-01,5.677e-01,5.677e-01,1.252e+00,1.708e+00,-3.354e-01,-1.257e+00
4.309e-01,-1.123e-02,9.099e-01,1.389e+00,9.099e-01,-4.807e-02,1.252e+00,-1.029e+00,-9.808e-01,-5.726e-01,-4.206e-01,-1.165e-01,-2.077e-01,-3.354e-01,2.055e-01,-4.807e-02,1.116e-01,4.309e-01,-8.007e-01,4.309e-01,9.099e-01,9.099e-01,3.305e+00,-1.123e-02,-1.123e-02,-4.206e-01,1.252e+00,1.389e+00,3.305e+00,3.305e+00,6.438e-01,1.252e+00,2.107e+00,6.438e-01,9.099e-01,-6.520e-01,-1.211e+00
-6.867e-01,-2.077e-01,6.438e-01,1.128e+00,-5.270e-01,-1.165e-01,9.099e-01,-1.029e+00,-9.808e-01,-8.719e-01,-4.206e-01,-2.077e-01,-2.876e-01,-3.797e-01,1.116e-01,-1.165e-01,1.116e-01,2.567e-01,-9.215e-01,2.567e-01,4.309e-01,2.567e-01,3.305e+00,-5.075e-01,-2.355e-01,-5.270e-01,1.116e-01,1.128e+00,3.305e+00,3.305e+00,-3.797e-01,5.317e-01,7.256e-01,7.256e-01,6.438e-01,-3.354e-01,-1.211e+00
2.567e-01,3.842e-01,1.810e-01,4.309e-01,6.438e-01,-2.621e-01,-1.165e-01,-1.485e+00,-6.141e-01,-1.029e+00,-7.481e-01,-1.165e-01,3.112e-01,-4.586e-01,-2.077e-01,2.756e-02,5.677e-01,-4.437e-01,-8.735e-01,-5.270e-01,6.438e-01,6.438e-01,1.116e-01,1.936e+00,1.936e+00,1.128e+00,9.099e-01,9.099e-01,6.438e-01,-3.797e-01,3.305e+00,1.051e+00,1.708e+00,-4.206e-01,4.309e-01,-3.797e-01,-1.485e+00
6.438e-01,2.055e-01,2.567e-01,9.099e-01,1.252e+00,-4.206e-01,4.970e-01,-6.141e-01,-9.528e-01,-9.069e-01,-6.754e-01,-1.165e-01,-1.165e-01,-1.123e-02,-1.123e-02,5.677e-01,1.116e-01,-2.568e-01,-4.766e-01,-2.876e-01,1.252e+00,1.252e+00,4.309e-01,4.309e-01,1.296e+00,1.104e+00,1.708e+00,5.677e-01,1.252e+00,5.317e-01,1.051e+00,3.305e+00,1.708e+00,-1.165e-01,9.099e-01,-5.869e-01,-1.245e+00
4.309e-01,4.872e-01,3.112e-01,1.708e+00,9.099e-01,-4.586e-01,1.116e-01,-1.165e-01,-1.068e+00,-9.215e-01,-8.463e-01,-1.545e-01,-2.077e-01,-3.238e-01,4.772e-02,2.256e-01,-1.123e-02,-2.568e-01,-1.102e+00,-4.206e-01,9.099e-01,9.099e-01,5.677e-01,9.099e-01,2.027e+00,1.363e+00,1.252e+00,5.677e-01,2.107e+00,7.256e-01,1.708e+00,1.708e+00,3.305e+00,-2.876e-01,6.438e-01,-5.579e-01,-1.485e+00
1.116e-01,-3.354e-01,1.252e+00,4.309e-01,-2.876e-01,-4.766e-01,1.708e+00,-1.245e+00,-1.485e+00,-8.377e-01,-8.243e-01,-1.123e-02,1.708e+00,-5.458e-01,-2.876e-01,-2.077e-01,-6.397e-01,6.438e-01,-9.079e-01,6.438e-01,9.099e-01,6.438e-01,7.256e-01,-4.034e-01,-4.766e-01,-6.141e-01,4.309e-01,1.252e+00,6.438e-01,7.256e-01,-4.206e-01,-1.165e-01,-2.876e-01,3.305e+00,1.252e+00,-6.141e-01,-1.323e+00
2.567e-01,2.055e-01,1.708e+00,4.309e-01,1.708e+00,-1.165e-01,2.347e+00,-1.485e+00,-8.007e-01,-7.066e-01,-7.481e-01,1.116e-01,-2.876e-01,-3.238e-01,-2.077e-01,2.256e-01,-1.165e-01,9.099e-01,-1.006e+00,9.099e-01,1.252e+00,9.099e-01,4.309e-01,-1.165e-01,2.055e-01,-1.905e-01,9.099e-01,1.708e+00,9.099e-01,6.438e-01,4.309e-01,9.099e-01,6.438e-01,1.252e+00,3.305e+00,-5.579e-01,-1.485e+00
-4.206e-01,-5.504e-01,-4.206e-01,-4.206e-01,-7.481e-01,-3.711e-01,-2.489e-01,-1.485e+00,2.256e-01,-1.102e+00,-8.166e-01,-4.206e-01,-5.726e-01,-2.245e-01,-5.270e-01,1.810e-01,-8.863e-01,-4.206e-01,-1.166e+00,-6.520e-01,-6.141e-01,-3.797e-01,-4.206e-01,-7.754e-01,-6.639e-01,-5.726e-01,-6.867e-01,-3.354e-01,-6.520e-01,-3.354e-01,-3.797e-01,-5.869e-01,-5.579e-01,-6.141e-01,-5.579e-01,3.305e+00,1.116e-01
-8.007e-01,-1.039e+00,-1.176e+00,-1.203e+00,-1.402e+00,-9.895e-01,-1.267e+00,-8.669e-01,-1.485e+00,-1.425e+00,-1.485e+00,-1.226e+00,-1.117e+00,-1.086e+00,-8.863e-01,-9.215e-01,-1.356e+00,-9.672e-01,-1.245e+00,-1.176e+00,-1.262e+00,-5.270e-01,-1.211e+00,-1.485e+00,-1.485e+00,-1.485e+00,-1.233e+00,-1.257e+00,-1.211e+00,-1.211e+00,-1.485e+00,-1.245e+00,-1.485e+00,-1.323e+00,-1.485e+00,1.116e-01,3.305e+00
