-2.770e+00,-3.262e-01,5.353e-01,7.816e-02,-2.910e-01,-8.007e-02,-5.255e-01,-4.200e-01,4.884e-01,-2.149e-01,-1.563e-01,1.974e-03,-5.430e-01,-2.090e-01,7.834e-03,-9.179e-02,-8.007e-02,1.192e-01,-2.969e-01,-1.076e+00
-3.262e-01,-2.770e+00,9.338e-01,2.542e-02,4.063e-01,4.063e-01,-1.094e+00,-1.229e+00,-3.965e-01,-2.266e-01,-2.733e-02,5.587e-01,5.939e-01,9.338e-01,7.814e-01,7.990e-01,4.300e-02,9.338e-01,-8.007e-02,-8.419e-01
5.353e-01,9.338e-01,-2.770e+00,6.058e-02,1.309e-01,5.470e-01,-8.243e-01,-4.786e-01,1.895e-01,3.712e-01,6.644e-02,4.356e-01,4.005e-01,9.572e-01,5.587e-01,4.532e-01,1.719e-01,8.693e-01,4.005e-01,-5.782e-01
7.816e-02,2.542e-02,6.058e-02,-2.770e+00,-1.561e-02,-6.835e-02,-9.943e-01,-2.793e-01,6.232e-01,2.598e-01,2.422e-01,6.644e-02,1.836e-01,-8.007e-02,3.243e-01,5.528e-01,8.988e-02,7.638e-01,3.067e-01,-6.251e-01
-2.910e-01,4.063e-01,1.309e-01,-1.561e-02,-2.770e+00,7.404e-01,-1.164e+00,-4.727e-01,-6.134e-01,1.057e+00,-8.593e-02,4.708e-01,-6.835e-02,4.825e-01,4.886e-02,3.946e-01,-1.973e-01,2.012e+00,-1.561e-02,-1.334e+00
-8.007e-02,4.063e-01,5.470e-01,-6.835e-02,7.404e-01,-2.770e+00,-7.657e-01,-7.364e-01,-3.907e-01,1.895e-01,1.661e-01,5.294e-01,7.816e-02,2.540e-01,6.114e-01,5.001e-01,6.818e-01,1.408e+00,4.886e-02,-6.544e-01
-5.255e-01,-1.094e+00,-8.243e-01,-9.943e-01,-1.164e+00,-7.657e-01,-2.770e+00,-1.645e+00,-1.035e+00,-1.481e+00,-7.247e-01,-1.188e+00,-1.182e+00,-1.545e+00,-9.415e-01,-1.446e+00,-1.545e+00,-1.111e+00,-1.598e+00,-1.838e+00
-4.200e-01,-1.229e+00,-4.786e-01,-2.793e-01,-4.727e-01,-7.364e-01,-1.645e+00,-2.770e+00,-4.141e-01,6.114e-01,-6.251e-01,-4.258e-01,-1.006e+00,-5.665e-01,-1.029e+00,-8.946e-01,-1.205e+00,-5.020e-01,3.829e-01,-1.510e+00
4.884e-01,-3.965e-01,1.895e-01,6.232e-01,-6.134e-01,-3.907e-01,-1.035e+00,-4.141e-01,-2.770e+00,-1.094e-01,-7.423e-01,-6.192e-01,-7.716e-01,-2.969e-01,-8.185e-01,-7.247e-01,-6.368e-01,8.283e-01,-3.319e-02,-1.135e+00
-2.149e-01,-2.266e-01,3.712e-01,2.598e-01,1.057e+00,1.895e-01,-1.481e+00,6.114e-01,-1.094e-01,-2.770e+00,-2.442e-01,8.341e-01,-1.328e-01,7.816e-02,5.177e-01,3.067e-01,-2.969e-01,9.748e-01,8.341e-01,-1.024e+00
-1.563e-01,-2.733e-02,6.644e-02,2.422e-01,-8.593e-02,1.661e-01,-7.247e-01,-6.251e-01,-7.423e-01,-2.442e-01,-2.770e+00,1.766e+00,1.192e+00,7.404e-01,6.876e-01,8.752e-01,2.891e-01,1.807e+00,-5.020e-01,-8.946e-01
1.974e-03,5.587e-01,4.356e-01,6.644e-02,4.708e-01,5.294e-01,-1.188e+00,-4.258e-01,-6.192e-01,8.341e-01,1.766e+00,-2.770e+00,2.018e+00,1.537e+00,1.537e+00,1.725e+00,-1.152e-01,8.283e-01,-1.856e-01,-1.047e+00
-5.430e-01,5.939e-01,4.005e-01,1.836e-01,-6.835e-02,7.816e-02,-1.182e+00,-1.006e+00,-7.716e-01,-1.328e-01,1.192e+00,2.018e+00,-2.770e+00,1.215e+00,1.449e+00,1.203e+00,1.369e-02,1.074e+00,-3.907e-01,-1.035e+00
-2.090e-01,9.338e-01,9.572e-01,-8.007e-02,4.825e-01,2.540e-01,-1.545e+00,-5.665e-01,-2.969e-01,7.816e-02,7.404e-01,1.537e+00,1.215e+00,-2.770e+00,1.362e+00,1.561e+00,1.602e-01,8.459e-01,2.833e-01,-1.223e+00
7.834e-03,7.814e-01,5.587e-01,3.243e-01,4.886e-02,6.114e-01,-9.415e-01,-1.029e+00,-8.185e-01,5.177e-01,6.876e-01,1.537e+00,1.449e+00,1.362e+00,-2.770e+00,1.825e+00,1.192e-01,1.010e+00,-3.555e-01,-1.000e+00
-9.179e-02,7.990e-01,4.532e-01,5.528e-01,3.946e-01,5.001e-01,-1.446e+00,-8.946e-01,-7.247e-01,3.067e-01,8.752e-01,1.725e+00,1.203e+00,1.561e+00,1.825e+00,-2.770e+00,-1.561e-02,8.927e-01,-1.563e-01,-1.416e+00
-8.007e-02,4.300e-02,1.719e-01,8.988e-02,-1.973e-01,6.818e-01,-1.545e+00,-1.205e+00,-6.368e-01,-2.969e-01,2.891e-01,-1.152e-01,1.369e-02,1.602e-01,1.192e-01,-1.561e-02,-2.770e+00,1.561e+00,-3.907e-01,-7.481e-01
1.192e-01,9.338e-01,8.693e-01,7.638e-01,2.012e+00,1.408e+00,-1.111e+00,-5.020e-01,8.283e-01,9.748e-01,1.807e+00,8.283e-01,1.074e+00,8.459e-01,1.010e+00,8.927e-01,1.561e+00,-2.770e+00,7.111e-01,3.128e-02
-2.969e-01,-8.007e-02,4.005e-01,3.067e-01,-1.561e-02,4.886e-02,-1.598e+00,3.829e-01,-3.319e-02,8.341e-01,-5.020e-01,-1.856e-01,-3.907e-01,2.833e-01,-3.555e-01,-1.563e-01,-3.907e-01,7.111e-01,-2.770e+00,-8.653e-01
-1.076e+00,-8.419e-01,-5.782e-01,-6.251e-01,-1.334e+00,-6.544e-01,-1.838e+00,-1.510e+00,-1.135e+00,-1.024e+00,-8.946e-01,-1.047e+00,-1.035e+00,-1.223e+00,-1.000e+00,-1.416e+00,-7.481e-01,3.128e-02,-8.653e-01,-2.770e+00
