-1.530e+00,7.430e-01,1.311e+00,-7.294e-01,4.756e-01,5.364e-01,-4.474e-01,-3.933e-01,-1.456e-02,1.987e-02,-7.721e-01,9.366e-02,-7.180e-01,3.642e-01,3.642e-01,-3.335e-01,9.366e-02,-2.671e-01,-3.059e-01,-5.270e-01,2.258e+00,-1.456e-02,-1.456e-02,-1.093e-01,-3.335e-01,7.430e-01,-4.966e-01,-1.293e+00,7.430e-01,-1.093e-01,9.053e-01,-1.093e-01,-1.456e-02,-4.474e-01,-3.933e-01,9.366e-02,9.955e-01,2.185e-01,-1.093e-01,7.430e-01,-5.827e-01,5.364e-01,9.955e-01,7.430e-01,3.642e-01,-2.671e-01,-7.180e-01
7.430e-01,-1.530e+00,3.130e-01,-3.012e-01,9.366e-02,1.311e+00,-5.827e-01,-2.084e-01,4.152e+00,3.642e-01,-9.615e-01,-1.530e+00,-7.180e-01,-4.966e-01,1.311e+00,-1.928e-01,1.414e-01,-7.180e-01,-4.211e-01,-3.933e-01,-1.456e-02,9.560e-01,-2.671e-01,-5.827e-01,-1.093e-01,1.311e+00,-1.530e+00,-1.530e+00,1.311e+00,-6.556e-01,1.461e+00,-4.474e-01,2.185e-01,-3.335e-01,-5.626e-01,2.185e-01,1.717e+00,5.364e-01,6.348e-01,1.311e+00,1.206e+00,9.955e-01,1.717e+00,1.311e+00,-1.093e-01,-7.460e-01,-1.246e+00
1.311e+00,3.130e-01,-1.530e+00,3.642e-01,7.430e-01,-1.439e-01,-1.093e-01,-4.726e-01,-2.040e-01,3.130e-01,-7.180e-01,-2.671e-01,-4.750e-02,-1.093e-01,-1.093e-01,-1.661e-01,-2.671e-01,1.920e-01,1.332e-01,3.642e-01,1.717e+00,-2.844e-01,6.463e-01,-2.084e-01,-3.122e-01,-6.344e-02,-1.530e+00,-3.933e-01,9.366e-02,7.430e-01,9.366e-02,7.430e-01,-2.185e-01,-1.456e-02,-4.750e-02,2.185e-01,6.518e-02,1.332e-01,-6.344e-02,2.185e-01,-1.456e-02,6.875e-01,4.756e-01,8.098e-01,-1.661e-01,-4.211e-01,-1.001e+00
-7.294e-01,-3.012e-01,3.642e-01,-1.530e+00,-2.084e-01,-6.721e-01,-5.827e-01,-8.195e-01,-4.644e-01,-5.982e-01,-8.803e-01,-1.530e+00,-1.456e-02,-6.556e-01,-7.180e-01,-8.339e-01,-8.984e-01,-5.827e-01,-7.886e-01,-1.056e+00,1.748e-01,-6.556e-01,-8.741e-01,-4.966e-01,-6.258e-01,-9.754e-01,-1.163e+00,-1.530e+00,-1.056e+00,-1.456e-02,-1.928e-01,2.258e+00,-9.316e-01,-8.479e-01,3.642e-01,-6.326e-01,-1.456e-02,-2.671e-01,-5.827e-01,-3.335e-01,-7.549e-01,-7.886e-01,-4.726e-01,-6.556e-01,-6.556e-01,-8.195e-01,-1.223e+00
4.756e-01,9.366e-02,7.430e-01,-2.084e-01,-1.530e+00,7.430e-01,4.152e+00,-6.344e-02,3.016e+00,3.016e+00,3.642e-01,-4.966e-01,-2.671e-01,-2.671e-01,-3.933e-01,1.717e+00,7.430e-01,7.430e-01,4.295e-01,1.717e+00,9.366e-02,3.642e-01,1.311e+00,1.311e+00,1.311e+00,1.717e+00,-1.530e+00,3.642e-01,1.311e+00,1.311e+00,7.430e-01,-1.523e-01,-1.456e-02,-3.450e-02,3.642e-01,6.348e-01,9.955e-01,2.258e+00,8.626e-01,1.311e+00,9.955e-01,4.465e-01,5.364e-01,6.009e-01,1.717e+00,-2.671e-01,-1.163e+00
5.364e-01,1.311e+00,-1.439e-01,-6.721e-01,7.430e-01,-1.530e+00,-8.612e-01,-1.093e-01,-3.933e-01,1.311e+00,-9.615e-01,-1.093e-01,-8.777e-01,-6.326e-01,-7.180e-01,-2.671e-01,1.311e+00,-6.556e-01,-1.093e-01,-1.093e-01,4.183e-01,9.366e-02,9.366e-02,-8.612e-01,9.366e-02,9.955e-01,-1.530e+00,-1.093e+00,9.955e-01,-3.642e-01,1.311e+00,-4.966e-01,9.366e-02,-2.384e-01,-3.933e-01,3.016e+00,1.311e+00,1.311e+00,1.501e+00,1.879e+00,1.569e+00,7.430e-01,1.311e+00,2.258e+00,7.430e-01,-2.671e-01,-1.195e+00
-4.474e-01,-5.827e-01,-1.093e-01,-5.827e-01,4.152e+00,-8.612e-01,-1.530e+00,-6.083e-01,-6.384e-01,-1.928e-01,-8.984e-01,-1.530e+00,-1.105e+00,-7.284e-02,-6.774e-01,3.642e-01,7.430e-01,9.366e-02,-6.982e-01,3.642e-01,-6.556e-01,-6.556e-01,-3.933e-01,2.185e-01,-3.122e-01,-3.335e-01,-1.530e+00,-1.056e+00,6.348e-01,7.430e-01,3.642e-01,-1.661e-01,-5.827e-01,-5.827e-01,-3.933e-01,-6.879e-01,6.348e-01,1.748e-01,-6.206e-01,9.366e-02,9.366e-02,-3.933e-01,-7.180e-01,-7.180e-01,-3.335e-01,-8.410e-01,-1.530e+00
-3.933e-01,-2.084e-01,-4.726e-01,-8.195e-01,-6.344e-02,-1.093e-01,-6.083e-01,-1.530e+00,-6.083e-01,-2.671e-01,-1.163e+00,-4.750e-02,-8.984e-01,9.366e-02,-7.180e-01,-1.093e-01,-7.460e-01,-5.827e-01,-7.180e-01,-7.180e-01,1.748e-01,-8.709e-01,-6.879e-01,-4.966e-01,-6.879e-01,-6.083e-01,-6.879e-01,-1.075e+00,-3.933e-01,-4.966e-01,-4.644e-01,-6.556e-01,-8.612e-01,-7.886e-01,-3.335e-01,2.185e-01,-1.093e-01,-2.671e-01,-3.933e-01,1.538e-01,9.366e-02,-4.300e-01,-2.310e-01,-3.542e-01,-4.577e-01,9.366e-02,-1.530e+00
-1.456e-02,4.152e+00,-2.040e-01,-4.644e-01,3.016e+00,-3.933e-01,-6.384e-01,-6.083e-01,-1.530e+00,9.366e-02,7.430e-01,-3.933e-01,-6.622e-01,-2.671e-01,-6.419e-01,5.364e-01,1.414e-01,-2.671e-01,7.430e-01,1.111e-02,-4.775e-01,9.560e-01,1.717e+00,7.430e-01,-3.933e-01,3.642e-01,-1.530e+00,7.430e-01,9.366e-02,2.185e-01,-1.093e-01,-7.180e-01,-4.644e-01,-4.156e-01,-3.933e-01,-1.093e-01,-3.769e-01,3.642e-01,-1.661e-01,1.748e-01,9.366e-02,-7.904e-02,-2.671e-01,-3.122e-01,-3.335e-01,-2.084e-01,-9.419e-01
1.987e-02,3.642e-01,3.130e-01,-5.982e-01,3.016e+00,1.311e+00,-1.928e-01,-2.671e-01,9.366e-02,-1.530e+00,-4.966e-01,-9.316e-01,-8.082e-01,-7.096e-01,-6.326e-01,5.364e-01,1.538e-01,-1.093e-01,-1.523e-01,1.311e+00,5.364e-01,2.885e-01,1.717e+00,-7.180e-01,1.717e+00,2.258e+00,-1.530e+00,-9.316e-01,1.717e+00,9.366e-02,9.955e-01,-1.456e-02,-1.661e-01,-5.665e-02,-6.556e-01,7.430e-01,1.311e+00,3.016e+00,3.642e-01,1.717e+00,1.311e+00,9.366e-02,8.213e-01,3.642e-01,2.258e+00,-6.344e-02,-1.271e+00
-7.721e-01,-9.615e-01,-7.180e-01,-8.803e-01,3.642e-01,-9.615e-01,-8.984e-01,-1.163e+00,7.430e-01,-4.966e-01,-1.530e+00,-1.530e+00,-1.290e+00,-9.615e-01,-1.195e+00,-5.827e-01,-2.671e-01,-5.827e-01,3.642e-01,-1.056e+00,-1.530e+00,-6.556e-01,-1.093e-01,-4.966e-01,-1.013e+00,-1.056e+00,-1.530e+00,3.642e-01,-1.036e+00,-4.966e-01,-6.556e-01,-9.316e-01,-8.612e-01,-1.056e+00,-6.556e-01,-1.405e+00,-7.721e-01,-7.180e-01,-1.530e+00,-9.886e-01,-9.886e-01,-1.530e+00,-4.966e-01,9.366e-02,-1.246e+00,-1.530e+00,-7.965e-01
9.366e-02,-1.530e+00,-2.671e-01,-1.530e+00,-4.966e-01,-1.093e-01,-1.530e+00,-4.750e-02,-3.933e-01,-9.316e-01,-1.530e+00,-1.530e+00,-9.316e-01,5.364e-01,-4.966e-01,-4.966e-01,-4.966e-01,-8.612e-01,-8.612e-01,-3.012e-01,2.885e-01,-1.075e+00,-1.185e+00,-1.253e+00,-1.388e+00,-1.138e+00,-1.530e+00,7.430e-01,-3.933e-01,-7.369e-01,-7.721e-01,-8.195e-01,-7.180e-01,-9.469e-01,-5.827e-01,-4.966e-01,-1.271e+00,-9.886e-01,-1.093e+00,-9.316e-01,-9.316e-01,-4.966e-01,-8.984e-01,-1.036e+00,-1.530e+00,4.995e-01,-1.530e+00
-7.180e-01,-7.180e-01,-4.750e-02,-1.456e-02,-2.671e-01,-8.777e-01,-1.105e+00,-8.984e-01,-6.622e-01,-8.082e-01,-1.290e+00,-9.316e-01,-1.530e+00,-3.122e-01,4.152e+00,-7.392e-01,-9.316e-01,7.430e-01,-1.022e+00,-1.214e+00,-7.721e-01,-8.612e-01,-7.593e-01,-1.124e+00,-1.569e-01,-9.987e-01,-1.036e+00,-1.530e+00,-8.612e-01,-9.685e-01,-4.966e-01,9.366e-02,-9.754e-01,-1.023e+00,-6.556e-01,-8.766e-01,-6.914e-01,-7.863e-01,-8.984e-01,-4.474e-01,-8.024e-01,-9.886e-01,-8.439e-01,-8.612e-01,-7.619e-01,-1.075e+00,-1.459e+00
3.642e-01,-4.966e-01,-1.093e-01,-6.556e-01,-2.671e-01,-6.326e-01,-7.284e-02,9.366e-02,-2.671e-01,-7.096e-01,-9.615e-01,5.364e-01,-3.122e-01,-1.530e+00,-3.933e-01,-7.721e-01,-4.966e-01,9.366e-02,-7.636e-01,-8.690e-01,9.366e-02,-7.721e-01,-8.984e-01,2.185e-01,-4.966e-01,-8.612e-01,-1.530e+00,-1.093e-01,-2.671e-01,4.756e-01,-7.180e-01,-4.966e-01,-6.556e-01,-8.803e-01,-1.456e-02,-2.671e-01,-2.671e-01,-5.827e-01,-1.056e+00,-5.416e-01,-8.195e-01,-6.556e-01,-9.154e-01,-1.013e+00,-1.021e+00,-5.270e-01,-1.155e+00
3.642e-01,1.311e+00,-1.093e-01,-7.180e-01,-3.933e-01,-7.180e-01,-6.774e-01,-7.180e-01,-6.419e-01,-6.326e-01,-1.195e+00,-4.966e-01,4.152e+00,-3.933e-01,-1.530e+00,-8.612e-01,-4.966e-01,7.430e-01,-7.721e-01,-7.965e-01,9.366e-02,7.430e-01,-7.514e-01,-2.671e-01,-3.450e-02,-3.933e-01,-3.933e-01,-1.530e+00,-2.671e-01,-1.109e+00,4.756e-01,-7.322e-01,-3.933e-01,-8.895e-01,-7.721e-01,-4.966e-01,-7.721e-01,-6.556e-01,-8.803e-01,-2.671e-01,-2.671e-01,-6.556e-01,-5.694e-01,-7.721e-01,-7.460e-01,-7.369e-01,-1.530e+00
-3.335e-01,-1.928e-01,-1.661e-01,-8.339e-01,1.717e+00,-2.671e-01,3.642e-01,-1.093e-01,5.364e-01,5.364e-01,-5.827e-01,-4.966e-01,-7.392e-01,-7.721e-01,-8.612e-01,-1.530e+00,7.759e-01,1.130e+00,7.430e-01,2.258e+00,-5.827e-01,-3.933e-01,1.311e+00,1.311e+00,9.366e-02,7.430e-01,1.311e+00,-5.827e-01,9.955e-01,-3.642e-01,-1.093e-01,-2.433e-01,1.987e-02,9.366e-02,1.311e+00,-2.310e-01,5.536e-01,9.955e-01,-1.093e-01,9.366e-02,-1.456e-02,9.366e-02,9.366e-02,4.856e-02,2.185e-01,-2.671e-01,-1.223e+00
9.366e-02,1.414e-01,-2.671e-01,-8.984e-01,7.430e-01,1.311e+00,7.430e-01,-7.460e-01,1.414e-01,1.538e-01,-2.671e-01,-4.966e-01,-9.316e-01,-4.966e-01,-4.966e-01,7.759e-01,-1.530e+00,7.024e-01,3.933e-01,5.746e-01,-1.093e-01,1.311e+00,2.258e+00,3.642e-01,2.258e+00,1.538e-01,-1.530e+00,-2.671e-01,4.152e+00,-4.966e-01,-1.093e-01,-2.671e-01,1.748e-01,-2.185e-01,4.295e-01,1.311e+00,2.185e-01,3.999e-01,-4.474e-01,-1.456e-02,-1.093e-01,6.009e-01,9.366e-02,-1.456e-02,2.258e+00,-4.474e-01,-1.093e+00
-2.671e-01,-7.180e-01,1.920e-01,-5.827e-01,7.430e-01,-6.556e-01,9.366e-02,-5.827e-01,-2.671e-01,-1.093e-01,-5.827e-01,-8.612e-01,7.430e-01,9.366e-02,7.430e-01,1.130e+00,7.024e-01,-1.530e+00,1.113e+00,2.376e+00,-4.966e-01,9.366e-02,1.435e+00,3.016e+00,3.642e-01,1.311e+00,-1.530e+00,9.366e-02,2.376e+00,3.016e+00,3.642e-01,-1.093e-01,-5.416e-01,-6.982e-01,1.942e+00,-2.671e-01,6.463e-01,1.769e+00,-9.615e-01,3.642e-01,3.642e-01,-6.083e-01,-4.300e-01,-1.151e+00,-7.514e-01,-8.612e-01,-1.163e+00
-3.059e-01,-4.211e-01,1.332e-01,-7.886e-01,4.295e-01,-1.093e-01,-6.982e-01,-7.180e-01,7.430e-01,-1.523e-01,3.642e-01,-8.612e-01,-1.022e+00,-7.636e-01,-7.721e-01,7.430e-01,3.933e-01,1.113e+00,-1.530e+00,1.519e+00,-2.310e-01,-7.405e-01,1.569e+00,1.043e+00,-4.750e-02,6.875e-01,-1.530e+00,3.642e-01,4.152e+00,5.364e-01,-3.012e-01,-3.701e-01,1.311e+00,-4.966e-01,9.955e-01,-3.335e-01,7.430e-01,1.311e+00,-3.933e-01,-1.661e-01,-2.185e-01,-3.122e-01,2.185e-01,-1.523e-01,-4.156e-01,-3.450e-02,-1.056e+00
-5.270e-01,-3.933e-01,3.642e-01,-1.056e+00,1.717e+00,-1.093e-01,3.642e-01,-7.180e-01,1.111e-02,1.311e+00,-1.056e+00,-3.012e-01,-1.214e+00,-8.690e-01,-7.965e-01,2.258e+00,5.746e-01,2.376e+00,1.519e+00,-1.530e+00,-1.523e-01,-1.093e-01,1.053e+00,1.446e+00,5.364e-01,1.501e+00,1.849e+00,-4.300e-01,3.394e+00,7.430e-01,2.185e-01,-3.450e-02,-1.456e-02,-3.335e-01,2.147e+00,-1.928e-01,7.430e-01,2.389e+00,-1.093e-01,5.364e-01,3.642e-01,5.364e-01,-1.093e-01,-3.335e-01,7.430e-01,1.332e-01,-1.265e+00
2.258e+00,-1.456e-02,1.717e+00,1.748e-01,9.366e-02,4.183e-01,-6.556e-01,1.748e-01,-4.775e-01,5.364e-01,-1.530e+00,2.885e-01,-7.721e-01,9.366e-02,9.366e-02,-5.827e-01,-1.093e-01,-4.966e-01,-2.310e-01,-1.523e-01,-1.530e+00,-1.093e-01,-4.211e-01,-8.043e-01,-4.966e-01,-1.456e-02,-1.530e+00,-3.335e-01,-1.456e-02,-2.671e-01,3.642e-01,9.366e-02,7.430e-01,-7.284e-02,-4.474e-01,8.377e-01,9.366e-02,3.642e-01,2.885e-01,1.748e-01,9.366e-02,2.645e-01,9.053e-01,4.995e-01,-1.456e-02,4.465e-01,-8.612e-01
-1.456e-02,9.560e-01,-2.844e-01,-6.556e-01,3.642e-01,9.366e-02,-6.556e-01,-8.709e-01,9.560e-01,2.885e-01,-6.556e-01,-1.075e+00,-8.612e-01,-7.721e-01,7.430e-01,-3.933e-01,1.311e+00,9.366e-02,-7.405e-01,-1.093e-01,-1.093e-01,-1.530e+00,-1.093e-01,3.642e-01,-1.093e-01,2.185e-01,-1.530e+00,-9.970e-01,2.185e-01,3.642e-01,1.717e+00,9.366e-02,3.642e-01,9.366e-02,-1.093e-01,-2.671e-01,3.642e-01,-1.093e-01,-2.671e-01,3.642e-01,3.642e-01,9.053e-01,3.642e-01,2.185e-01,-5.270e-01,-8.195e-01,-1.376e+00
-1.456e-02,-2.671e-01,6.463e-01,-8.741e-01,1.311e+00,9.366e-02,-3.933e-01,-6.879e-01,1.717e+00,1.717e+00,-1.093e-01,-1.185e+00,-7.593e-01,-8.984e-01,-7.514e-01,1.311e+00,2.258e+00,1.435e+00,1.569e+00,1.053e+00,-4.211e-01,-1.093e-01,-1.530e+00,1.108e+00,2.732e+00,9.955e-01,-1.530e+00,-1.093e-01,1.053e+00,-1.456e-02,3.642e-01,-2.671e-01,9.366e-02,9.366e-02,8.377e-01,-1.093e-01,5.364e-01,1.311e+00,-1.456e-02,7.430e-01,5.364e-01,-2.945e-01,-7.284e-02,-7.284e-02,9.955e-01,-2.671e-01,-9.154e-01
-1.093e-01,-5.827e-01,-2.084e-01,-4.966e-01,1.311e+00,-8.612e-01,2.185e-01,-4.966e-01,7.430e-01,-7.180e-01,-4.966e-01,-1.253e+00,-1.124e+00,2.185e-01,-2.671e-01,1.311e+00,3.642e-01,3.016e+00,1.043e+00,1.446e+00,-8.043e-01,3.642e-01,1.108e+00,-1.530e+00,-6.344e-02,9.053e-01,-1.530e+00,-2.671e-01,1.446e+00,1.311e+00,3.642e-01,-1.661e-01,-4.966e-01,-8.612e-01,2.258e+00,-1.093e-01,6.632e-01,1.242e+00,-1.075e+00,-7.180e-01,-8.612e-01,-8.043e-01,-3.335e-01,-1.075e+00,-8.451e-01,-1.151e+00,-1.246e+00
-3.335e-01,-1.093e-01,-3.122e-01,-6.258e-01,1.311e+00,9.366e-02,-3.122e-01,-6.879e-01,-3.933e-01,1.717e+00,-1.013e+00,-1.388e+00,-1.569e-01,-4.966e-01,-3.450e-02,9.366e-02,2.258e+00,3.642e-01,-4.750e-02,5.364e-01,-4.966e-01,-1.093e-01,2.732e+00,-6.344e-02,-1.530e+00,2.258e+00,7.430e-01,-9.886e-01,7.430e-01,-1.093e-01,6.009e-01,-1.456e-02,9.366e-02,9.366e-02,-1.928e-01,-1.093e-01,5.364e-01,1.311e+00,-1.456e-02,7.430e-01,5.364e-01,-3.933e-01,-1.093e-01,-2.671e-01,9.955e-01,-5.416e-01,-1.163e+00
7.430e-01,1.311e+00,-6.344e-02,-9.754e-01,1.717e+00,9.955e-01,-3.335e-01,-6.083e-01,3.642e-01,2.258e+00,-1.056e+00,-1.138e+00,-9.987e-01,-8.612e-01,-3.933e-01,7.430e-01,1.538e-01,1.311e+00,6.875e-01,1.501e+00,-1.456e-02,2.185e-01,9.955e-01,9.053e-01,2.258e+00,-1.530e+00,4.152e+00,-8.410e-01,1.501e+00,1.987e-02,1.311e+00,-3.450e-02,2.185e-01,-3.335e-01,1.478e+00,2.185e-01,1.717e+00,2.389e+00,9.366e-02,1.311e+00,7.430e-01,9.955e-01,1.717e+00,1.311e+00,1.311e+00,-4.966e-01,-1.265e+00
-4.966e-01,-1.530e+00,-1.530e+00,-1.163e+00,-1.530e+00,-1.530e+00,-1.530e+00,-6.879e-01,-1.530e+00,-1.530e+00,-1.530e+00,-1.530e+00,-1.036e+00,-1.530e+00,-3.933e-01,1.311e+00,-1.530e+00,-1.530e+00,-1.530e+00,1.849e+00,-1.530e+00,-1.530e+00,-1.530e+00,-1.530e+00,7.430e-01,4.152e+00,-1.530e+00,-1.530e+00,-1.530e+00,-1.530e+00,1.311e+00,-2.671e-01,-1.530e+00,-7.460e-01,-1.530e+00,-1.530e+00,-1.530e+00,-1.530e+00,-1.530e+00,-1.530e+00,5.364e-01,-1.530e+00,-1.530e+00,-1.530e+00,-1.530e+00,-5.416e-01,-1.530e+00
-1.293e+00,-1.530e+00,-3.933e-01,-1.530e+00,3.642e-01,-1.093e+00,-1.056e+00,-1.075e+00,7.430e-01,-9.316e-01,3.642e-01,7.430e-01,-1.530e+00,-1.093e-01,-1.530e+00,-5.827e-01,-2.671e-01,9.366e-02,3.642e-01,-4.300e-01,-3.335e-01,-9.970e-01,-1.093e-01,-2.671e-01,-9.886e-01,-8.410e-01,-1.530e+00,-1.530e+00,-1.093e-01,1.538e-01,-7.460e-01,-9.154e-01,-5.827e-01,-9.886e-01,-5.827e-01,-1.396e+00,-6.556e-01,-4.644e-01,-6.982e-01,-1.205e+00,-8.984e-01,-1.231e+00,-7.460e-01,-1.530e+00,3.642e-01,-1.530e+00,-1.163e+00
7.430e-01,1.311e+00,9.366e-02,-1.056e+00,1.311e+00,9.955e-01,6.348e-01,-3.933e-01,9.366e-02,1.717e+00,-1.036e+00,-3.933e-01,-8.612e-01,-2.671e-01,-2.671e-01,9.955e-01,4.152e+00,2.376e+00,4.152e+00,3.394e+00,-1.456e-02,2.185e-01,1.053e+00,1.446e+00,7.430e-01,1.501e+00,-1.530e+00,-1.093e-01,-1.530e+00,1.311e+00,5.364e-01,-3.450e-02,1.311e+00,-3.335e-01,2.147e+00,7.430e-01,1.717e+00,2.389e+00,9.366e-02,1.311e+00,5.364e-01,9.955e-01,1.717e+00,1.311e+00,9.955e-01,-2.185e-01,-3.933e-01
-1.093e-01,-6.556e-01,7.430e-01,-1.456e-02,1.311e+00,-3.642e-01,7.430e-01,-4.966e-01,2.185e-01,9.366e-02,-4.966e-01,-7.369e-01,-9.685e-01,4.756e-01,-1.109e+00,-3.642e-01,-4.966e-01,3.016e+00,5.364e-01,7.430e-01,-2.671e-01,3.642e-01,-1.456e-02,1.311e+00,-1.093e-01,1.987e-02,-1.530e+00,1.538e-01,1.311e+00,-1.530e+00,7.430e-01,-2.671e-01,-1.456e-02,-7.180e-01,3.642e-01,-1.093e-01,9.366e-02,7.430e-01,-8.195e-01,2.185e-01,2.185e-01,-6.556e-01,-3.933e-01,-9.886e-01,-1.075e+00,-2.671e-01,-1.131e+00
9.053e-01,1.461e+00,9.366e-02,-1.928e-01,7.430e-01,1.311e+00,3.642e-01,-4.644e-01,-1.093e-01,9.955e-01,-6.556e-01,-7.721e-01,-4.966e-01,-7.180e-01,4.756e-01,-1.093e-01,-1.093e-01,3.642e-01,-3.012e-01,2.185e-01,3.642e-01,1.717e+00,3.642e-01,3.642e-01,6.009e-01,1.311e+00,1.311e+00,-7.460e-01,5.364e-01,7.430e-01,-1.530e+00,-1.456e-02,-1.093e-01,-6.344e-02,-1.093e-01,6.009e-01,7.430e-01,9.053e-01,4.756e-01,4.152e+00,4.152e+00,3.642e-01,7.430e-01,9.053e-01,1.093e+00,-2.671e-01,-1.205e+00
-1.093e-01,-4.474e-01,7.430e-01,2.258e+00,-1.523e-01,-4.966e-01,-1.661e-01,-6.556e-01,-7.180e-01,-1.456e-02,-9.316e-01,-8.195e-01,9.366e-02,-4.966e-01,-7.322e-01,-2.433e-01,-2.671e-01,-1.093e-01,-3.701e-01,-3.450e-02,9.366e-02,9.366e-02,-2.671e-01,-1.661e-01,-1.456e-02,-3.450e-02,-2.671e-01,-9.154e-01,-3.450e-02,-2.671e-01,-1.456e-02,-1.530e+00,-5.827e-01,-6.556e-01,3.642e-01,-3.335e-01,6.009e-01,5.910e-03,-4.966e-01,-1.456e-02,-1.456e-02,-3.933e-01,-4.966e-01,-1.093e-01,-4.966e-01,-3.933e-01,-1.195e+00
-1.456e-02,2.185e-01,-2.185e-01,-9.316e-01,-1.456e-02,9.366e-02,-5.827e-01,-8.612e-01,-4.644e-01,-1.661e-01,-8.612e-01,-7.180e-01,-9.754e-01,-6.556e-01,-3.933e-01,1.987e-02,1.748e-01,-5.416e-01,1.311e+00,-1.456e-02,7.430e-01,3.642e-01,9.366e-02,-4.966e-01,9.366e-02,2.185e-01,-1.530e+00,-5.827e-01,1.311e+00,-1.456e-02,-1.093e-01,-5.827e-01,-1.530e+00,1.569e+00,-5.827e-01,-2.671e-01,9.053e-01,1.311e+00,5.746e-01,2.185e-01,-3.701e-01,2.529e+00,7.430e-01,1.311e+00,-2.467e-01,-6.879e-01,-1.530e+00
-4.474e-01,-3.335e-01,-1.456e-02,-8.479e-01,-3.450e-02,-2.384e-01,-5.827e-01,-7.886e-01,-4.156e-01,-5.665e-02,-1.056e+00,-9.469e-01,-1.023e+00,-8.803e-01,-8.895e-01,9.366e-02,-2.185e-01,-6.982e-01,-4.966e-01,-3.335e-01,-7.284e-02,9.366e-02,9.366e-02,-8.612e-01,9.366e-02,-3.335e-01,-7.460e-01,-9.886e-01,-3.335e-01,-7.180e-01,-6.344e-02,-6.556e-01,1.569e+00,-1.530e+00,-7.369e-01,-2.040e-01,-2.310e-01,9.366e-02,8.880e-01,-2.671e-01,-3.933e-01,1.569e+00,1.541e+00,1.849e+00,-4.966e-01,-4.474e-01,-1.530e+00
-3.933e-01,-5.626e-01,-4.750e-02,3.642e-01,3.642e-01,-3.933e-01,-3.933e-01,-3.335e-01,-3.933e-01,-6.556e-01,-6.556e-01,-5.827e-01,-6.556e-01,-1.456e-02,-7.721e-01,1.311e+00,4.295e-01,1.942e+00,9.955e-01,2.147e+00,-4.474e-01,-1.093e-01,8.377e-01,2.258e+00,-1.928e-01,1.478e+00,-1.530e+00,-5.827e-01,2.147e+00,3.642e-01,-1.093e-01,3.642e-01,-5.827e-01,-7.369e-01,-1.530e+00,-2.671e-01,7.894e-01,1.569e+00,-5.827e-01,-3.335e-01,-5.416e-01,-2.671e-01,3.768e-02,-8.410e-01,-7.619e-01,-4.966e-01,-6.556e-01
9.366e-02,2.185e-01,2.185e-01,-6.326e-01,6.348e-01,3.016e+00,-6.879e-01,2.185e-01,-1.093e-01,7.430e-01,-1.405e+00,-4.966e-01,-8.766e-01,-2.671e-01,-4.966e-01,-2.310e-01,1.311e+00,-2.671e-01,-3.335e-01,-1.928e-01,8.377e-01,-2.671e-01,-1.093e-01,-1.093e-01,-1.093e-01,2.185e-01,-1.530e+00,-1.396e+00,7.430e-01,-1.093e-01,6.009e-01,-3.335e-01,-2.671e-01,-2.040e-01,-2.671e-01,-1.530e+00,3.642e-01,8.626e-01,5.364e-01,1.311e+00,9.955e-01,4.756e-01,5.536e-01,7.430e-01,7.430e-01,-1.093e-01,-1.223e+00
9.955e-01,1.717e+00,6.518e-02,-1.456e-02,9.955e-01,1.311e+00,6.348e-01,-1.093e-01,-3.769e-01,1.311e+00,-7.721e-01,-1.271e+00,-6.914e-01,-2.671e-01,-7.721e-01,5.536e-01,2.185e-01,6.463e-01,7.430e-01,7.430e-01,9.366e-02,3.642e-01,5.364e-01,6.632e-01,5.364e-01,1.717e+00,-1.530e+00,-6.556e-01,1.717e+00,9.366e-02,7.430e-01,6.009e-01,9.053e-01,-2.310e-01,7.894e-01,3.642e-01,-1.530e+00,1.828e+00,2.185e-01,1.717e+00,3.642e-01,1.311e+00,2.258e+00,1.717e+00,7.430e-01,-5.827e-01,-1.231e+00
2.185e-01,5.364e-01,1.332e-01,-2.671e-01,2.258e+00,1.311e+00,1.748e-01,-2.671e-01,3.642e-01,3.016e+00,-7.180e-01,-9.886e-01,-7.863e-01,-5.827e-01,-6.556e-01,9.955e-01,3.999e-01,1.769e+00,1.311e+00,2.389e+00,3.642e-01,-1.093e-01,1.311e+00,1.242e+00,1.311e+00,2.389e+00,-1.530e+00,-4.644e-01,2.389e+00,7.430e-01,9.053e-01,5.910e-03,1.311e+00,9.366e-02,1.569e+00,8.626e-01,1.828e+00,-1.530e+00,1.144e+00,1.879e+00,1.569e+00,1.311e+00,9.053e-01,9.053e-01,1.717e+00,-1.661e-01,-1.259e+00
-1.093e-01,6.348e-01,-6.344e-02,-5.827e-01,8.626e-01,1.501e+00,-6.206e-01,-3.933e-01,-1.661e-01,3.642e-01,-1.530e+00,-1.093e+00,-8.984e-01,-1.056e+00,-8.803e-01,-1.093e-01,-4.474e-01,-9.615e-01,-3.933e-01,-1.093e-01,2.885e-01,-2.671e-01,-1.456e-02,-1.075e+00,-1.456e-02,9.366e-02,-1.530e+00,-6.982e-01,9.366e-02,-8.195e-01,4.756e-01,-4.966e-01,5.746e-01,8.880e-01,-5.827e-01,5.364e-01,2.185e-01,1.144e+00,-1.530e+00,9.053e-01,1.144e+00,1.113e+00,8.377e-01,1.311e+00,9.366e-02,-3.122e-01,-1.530e+00
7.430e-01,1.311e+00,2.185e-01,-3.335e-01,1.311e+00,1.879e+00,9.366e-02,1.538e-01,1.748e-01,1.717e+00,-9.886e-01,-9.316e-01,-4.474e-01,-5.416e-01,-2.671e-01,9.366e-02,-1.456e-02,3.642e-01,-1.661e-01,5.364e-01,1.748e-01,3.642e-01,7.430e-01,-7.180e-01,7.430e-01,1.311e+00,-1.530e+00,-1.205e+00,1.311e+00,2.185e-01,4.152e+00,-1.456e-02,2.185e-01,-2.671e-01,-3.335e-01,1.311e+00,1.717e+00,1.879e+00,9.053e-01,-1.530e+00,4.152e+00,9.955e-01,1.717e+00,2.732e+00,9.955e-01,-5.416e-01,-1.205e+00
-5.827e-01,1.206e+00,-1.456e-02,-7.549e-01,9.955e-01,1.569e+00,9.366e-02,9.366e-02,9.366e-02,1.311e+00,-9.886e-01,-9.316e-01,-8.024e-01,-8.195e-01,-2.671e-01,-1.456e-02,-1.093e-01,3.642e-01,-2.185e-01,3.642e-01,9.366e-02,3.642e-01,5.364e-01,-8.612e-01,5.364e-01,7.430e-01,5.364e-01,-8.984e-01,5.364e-01,2.185e-01,4.152e+00,-1.456e-02,-3.701e-01,-3.933e-01,-5.416e-01,9.955e-01,3.642e-01,1.569e+00,1.144e+00,4.152e+00,-1.530e+00,-2.185e-01,8.626e-01,1.093e+00,1.093e+00,-1.661e-01,-1.205e+00
5.364e-01,9.955e-01,6.875e-01,-7.886e-01,4.465e-01,7.430e-01,-3.933e-01,-4.300e-01,-7.904e-02,9.366e-02,-1.530e+00,-4.966e-01,-9.886e-01,-6.556e-01,-6.556e-01,9.366e-02,6.009e-01,-6.083e-01,-3.122e-01,5.364e-01,2.645e-01,9.053e-01,-2.945e-01,-8.043e-01,-3.933e-01,9.955e-01,-1.530e+00,-1.231e+00,9.955e-01,-6.556e-01,3.642e-01,-3.933e-01,2.529e+00,1.569e+00,-2.671e-01,4.756e-01,1.311e+00,1.311e+00,1.113e+00,9.955e-01,-2.185e-01,-1.530e+00,1.478e+00,2.258e+00,-2.671e-01,-2.185e-01,-1.530e+00
9.955e-01,1.717e+00,4.756e-01,-4.726e-01,5.364e-01,1.311e+00,-7.180e-01,-2.310e-01,-2.671e-01,8.213e-01,-4.966e-01,-8.984e-01,-8.439e-01,-9.154e-01,-5.694e-01,9.366e-02,9.366e-02,-4.300e-01,2.185e-01,-1.093e-01,9.053e-01,3.642e-01,-7.284e-02,-3.335e-01,-1.093e-01,1.717e+00,-1.530e+00,-7.460e-01,1.717e+00,-3.933e-01,7.430e-01,-4.966e-01,7.430e-01,1.541e+00,3.768e-02,5.536e-01,2.258e+00,9.053e-01,8.377e-01,1.717e+00,8.626e-01,1.478e+00,-1.530e+00,2.258e+00,9.366e-02,-4.644e-01,-1.246e+00
7.430e-01,1.311e+00,8.098e-01,-6.556e-01,6.009e-01,2.258e+00,-7.180e-01,-3.542e-01,-3.122e-01,3.642e-01,9.366e-02,-1.036e+00,-8.612e-01,-1.013e+00,-7.721e-01,4.856e-02,-1.456e-02,-1.151e+00,-1.523e-01,-3.335e-01,4.995e-01,2.185e-01,-7.284e-02,-1.075e+00,-2.671e-01,1.311e+00,-1.530e+00,-1.530e+00,1.311e+00,-9.886e-01,9.053e-01,-1.093e-01,1.311e+00,1.849e+00,-8.410e-01,7.430e-01,1.717e+00,9.053e-01,1.311e+00,2.732e+00,1.093e+00,2.258e+00,2.258e+00,-1.530e+00,-1.093e-01,-4.300e-01,-1.530e+00
3.642e-01,-1.093e-01,-1.661e-01,-6.556e-01,1.717e+00,7.430e-01,-3.335e-01,-4.577e-01,-3.335e-01,2.258e+00,-1.246e+00,-1.530e+00,-7.619e-01,-1.021e+00,-7.460e-01,2.185e-01,2.258e+00,-7.514e-01,-4.156e-01,7.430e-01,-1.456e-02,-5.270e-01,9.955e-01,-8.451e-01,9.955e-01,1.311e+00,-1.530e+00,3.642e-01,9.955e-01,-1.075e+00,1.093e+00,-4.966e-01,-2.467e-01,-4.966e-01,-7.619e-01,7.430e-01,7.430e-01,1.717e+00,9.366e-02,9.955e-01,1.093e+00,-2.671e-01,9.366e-02,-1.093e-01,-1.530e+00,-4.966e-01,-1.337e+00
-2.671e-01,-7.460e-01,-4.211e-01,-8.195e-01,-2.671e-01,-2.671e-01,-8.410e-01,9.366e-02,-2.084e-01,-6.344e-02,-1.530e+00,4.995e-01,-1.075e+00,-5.270e-01,-7.369e-01,-2.671e-01,-4.474e-01,-8.612e-01,-3.450e-02,1.332e-01,4.465e-01,-8.195e-01,-2.671e-01,-1.151e+00,-5.416e-01,-4.966e-01,-5.416e-01,-1.530e+00,-2.185e-01,-2.671e-01,-2.671e-01,-3.933e-01,-6.879e-01,-4.474e-01,-4.966e-01,-1.093e-01,-5.827e-01,-1.661e-01,-3.122e-01,-5.416e-01,-1.661e-01,-2.185e-01,-4.644e-01,-4.300e-01,-4.966e-01,-1.530e+00,3.642e-01
-7.180e-01,-1.246e+00,-1.001e+00,-1.223e+00,-1.163e+00,-1.195e+00,-1.530e+00,-1.530e+00,-9.419e-01,-1.271e+00,-7.965e-01,-1.530e+00,-1.459e+00,-1.155e+00,-1.530e+00,-1.223e+00,-1.093e+00,-1.163e+00,-1.056e+00,-1.265e+00,-8.612e-01,-1.376e+00,-9.154e-01,-1.246e+00,-1.163e+00,-1.265e+00,-1.530e+00,-1.163e+00,-3.933e-01,-1.131e+00,-1.205e+00,-1.195e+00,-1.530e+00,-1.530e+00,-6.556e-01,-1.223e+00,-1.231e+00,-1.259e+00,-1.530e+00,-1.205e+00,-1.205e+00,-1.530e+00,-1.246e+00,-1.530e+00,-1.337e+00,3.642e-01,-1.530e+00
