-1.557e+00,1.608e-01,1.171e+00,1.254e+00,-3.679e-01,-5.265e-01,-2.128e-01,3.228e-02,-1.256e-01,-2.688e-01,-1.930e-01,8.842e-01,-1.312e+00,6.517e-01,-9.466e-02,-8.092e-01,-2.688e-01,-1.107e-02,-6.478e-01,-3.679e-01,6.517e-01,1.608e-01,-4.529e-01
1.608e-01,-1.557e+00,1.535e+00,3.284e-01,-1.190e-01,-4.529e-01,-1.517e-01,-3.679e-01,-1.107e-02,-4.369e-01,4.379e-01,5.903e-01,-1.930e-01,8.216e-01,1.020e+00,3.755e-01,1.608e-01,4.596e-01,-3.679e-01,6.517e-01,8.216e-01,-4.879e-02,-8.382e-01
1.171e+00,1.535e+00,-1.557e+00,8.842e-01,4.379e-01,-4.529e-01,-1.517e-01,3.959e-01,-1.107e-02,-3.679e-01,2.309e+00,3.755e-01,-5.910e-01,5.044e-01,6.517e-01,-1.107e-02,6.517e-01,3.755e-01,-2.688e-01,2.081e+00,1.388e+00,1.608e-01,-1.180e+00
1.254e+00,3.284e-01,8.842e-01,-1.557e+00,3.755e-01,-7.843e-01,3.755e-01,-7.261e-01,-3.366e-01,1.535e+00,-1.107e-02,1.094e+00,-1.557e+00,-1.107e-02,2.858e-02,-9.847e-01,-4.529e-01,-1.107e-02,-1.517e-01,1.388e+00,1.535e+00,1.608e-01,-1.103e+00
-3.679e-01,-1.190e-01,4.379e-01,3.755e-01,-1.557e+00,-1.059e+00,4.596e-01,-9.131e-01,6.517e-01,-4.910e-01,-4.529e-01,7.621e-01,-1.557e+00,4.225e-02,-4.910e-01,2.858e-02,-3.679e-01,7.032e-02,-5.490e-01,-1.107e-02,8.216e-01,6.517e-01,-1.557e+00
-5.265e-01,-4.529e-01,-4.529e-01,-7.843e-01,-1.059e+00,-1.557e+00,-1.557e+00,-1.340e+00,-7.843e-01,-1.128e+00,-9.131e-01,-1.557e+00,-1.557e+00,-1.557e+00,-5.265e-01,-1.151e+00,-5.265e-01,-3.679e-01,-1.042e+00,-1.557e+00,-1.388e+00,-1.557e+00,-1.557e+00
-2.128e-01,-1.517e-01,-1.517e-01,3.755e-01,4.596e-01,-1.557e+00,-1.557e+00,-1.354e+00,1.254e+00,-8.031e-01,1.143e-01,9.168e-01,-1.557e+00,7.166e-01,-4.786e-01,-1.059e+00,-1.107e-02,-2.688e-01,-3.036e-01,-3.679e-01,-1.517e-01,1.204e+00,-1.557e+00
3.228e-02,-3.679e-01,3.959e-01,-7.261e-01,-9.131e-01,-1.340e+00,-1.354e+00,-1.557e+00,1.906e+00,-1.517e-01,-2.840e-01,-7.101e-01,-1.364e+00,-2.865e-01,-3.679e-01,2.982e-01,-2.688e-01,-4.879e-02,-5.598e-01,-7.436e-01,3.755e-01,-5.910e-01,-1.214e+00
-1.256e-01,-1.107e-02,-1.107e-02,-3.366e-01,6.517e-01,-7.843e-01,1.254e+00,1.906e+00,-1.557e+00,-1.517e-01,-6.584e-01,1.608e-01,-1.151e+00,-1.517e-01,1.171e+00,6.517e-01,1.608e-01,5.044e-01,-3.366e-01,-2.688e-01,1.608e-01,-1.930e-01,-1.048e+00
-2.688e-01,-4.369e-01,-3.679e-01,1.535e+00,-4.910e-01,-1.128e+00,-8.031e-01,-1.517e-01,-1.517e-01,-1.557e+00,-2.688e-01,-8.471e-02,-1.557e+00,-2.688e-01,-9.951e-01,-2.128e-01,-9.131e-01,-5.910e-01,-9.131e-01,6.517e-01,5.044e-01,-8.031e-01,-1.354e+00
-1.930e-01,4.379e-01,2.309e+00,-1.107e-02,-4.529e-01,-9.131e-01,1.143e-01,-2.840e-01,-6.584e-01,-2.688e-01,-1.557e+00,3.170e-01,-6.096e-02,1.132e+00,1.254e+00,9.367e-01,7.856e-01,3.446e+00,-1.930e-01,6.517e-01,2.618e-01,7.056e-01,-1.198e+00
8.842e-01,5.903e-01,3.755e-01,1.094e+00,7.621e-01,-1.557e+00,9.168e-01,-7.101e-01,1.608e-01,-8.471e-02,3.170e-01,-1.557e+00,7.032e-02,4.379e-01,1.608e-01,-6.478e-01,8.216e-01,-8.471e-02,1.020e+00,8.216e-01,1.664e+00,1.132e+00,-6.478e-01
-1.312e+00,-1.930e-01,-5.910e-01,-1.557e+00,-1.557e+00,-1.557e+00,-1.557e+00,-1.364e+00,-1.151e+00,-1.557e+00,-6.096e-02,7.032e-02,-1.557e+00,6.517e-01,7.335e-01,2.618e-01,5.903e-01,-2.688e-01,2.858e-02,-3.204e-01,-1.403e+00,-1.557e+00,-1.221e+00
6.517e-01,8.216e-01,5.044e-01,-1.107e-02,4.225e-02,-1.557e+00,7.166e-01,-2.865e-01,-1.517e-01,-2.688e-01,1.132e+00,4.379e-01,6.517e-01,-1.557e+00,4.140e+00,8.216e-01,1.756e+00,3.755e-01,2.407e-01,6.517e-01,1.608e-01,9.168e-01,-9.627e-01
-9.466e-02,1.020e+00,6.517e-01,2.858e-02,-4.910e-01,-5.265e-01,-4.786e-01,-3.679e-01,1.171e+00,-9.951e-01,1.254e+00,1.608e-01,7.335e-01,4.140e+00,-1.557e+00,9.168e-01,1.879e+00,7.335e-01,-1.107e-02,3.755e-01,-1.190e-01,1.608e-01,-1.015e+00
-8.092e-01,3.755e-01,-1.107e-02,-9.847e-01,2.858e-02,-1.151e+00,-1.059e+00,2.982e-01,6.517e-01,-2.128e-01,9.367e-01,-6.478e-01,2.618e-01,8.216e-01,9.168e-01,-1.557e+00,2.081e+00,6.517e-01,3.755e-01,-6.478e-01,-1.077e-01,-8.211e-01,-5.265e-01
-2.688e-01,1.608e-01,6.517e-01,-4.529e-01,-3.679e-01,-5.265e-01,-1.107e-02,-2.688e-01,1.608e-01,-9.131e-01,7.856e-01,8.216e-01,5.903e-01,1.756e+00,1.879e+00,2.081e+00,-1.557e+00,4.628e+00,2.081e+00,-2.320e-01,-1.107e-02,5.513e-01,-1.107e-02
-1.107e-02,4.596e-01,3.755e-01,-1.107e-02,7.032e-02,-3.679e-01,-2.688e-01,-4.879e-02,5.044e-01,-5.910e-01,3.446e+00,-8.471e-02,-2.688e-01,3.755e-01,7.335e-01,6.517e-01,4.628e+00,-1.557e+00,3.170e-01,-3.204e-01,1.608e-01,-1.517e-01,-3.679e-01
-6.478e-01,-3.679e-01,-2.688e-01,-1.517e-01,-5.490e-01,-1.042e+00,-3.036e-01,-5.598e-01,-3.366e-01,-9.131e-01,-1.930e-01,1.020e+00,2.858e-02,2.407e-01,-1.107e-02,3.755e-01,2.081e+00,3.170e-01,-1.557e+00,-3.679e-01,-4.529e-01,-3.679e-01,-4.910e-01
-3.679e-01,6.517e-01,2.081e+00,1.388e+00,-1.107e-02,-1.557e+00,-3.679e-01,-7.436e-01,-2.688e-01,6.517e-01,6.517e-01,8.216e-01,-3.204e-01,6.517e-01,3.755e-01,-6.478e-01,-2.320e-01,-3.204e-01,-3.679e-01,-1.557e+00,4.123e+00,2.268e-01,-1.260e+00
6.517e-01,8.216e-01,1.388e+00,1.535e+00,8.216e-01,-1.388e+00,-1.517e-01,3.755e-01,1.608e-01,5.044e-01,2.618e-01,1.664e+00,-1.403e+00,1.608e-01,-1.190e-01,-1.077e-01,-1.107e-02,1.608e-01,-4.529e-01,4.123e+00,-1.557e+00,3.755e-01,-1.140e+00
1.608e-01,-4.879e-02,1.608e-01,1.608e-01,6.517e-01,-1.557e+00,1.204e+00,-5.910e-01,-1.930e-01,-8.031e-01,7.056e-01,1.132e+00,-1.557e+00,9.168e-01,1.608e-01,-8.211e-01,5.513e-01,-1.517e-01,-3.679e-01,2.268e-01,3.755e-01,-1.557e+00,-9.627e-01
-4.529e-01,-8.382e-01,-1.180e+00,-1.103e+00,-1.557e+00,-1.557e+00,-1.557e+00,-1.214e+00,-1.048e+00,-1.354e+00,-1.198e+00,-6.478e-01,-1.221e+00,-9.627e-01,-1.015e+00,-5.265e-01,-1.107e-02,-3.679e-01,-4.910e-01,-1.260e+00,-1.140e+00,-9.627e-01,-1.557e+00
